character,overall_pick_rate,casual_pick_rates,ranked_pick_rate,brnz_pick_rate,silv_pick_rate,gold_pick_rate,plat_pick_rate,dmnd_pick_rate,chmp_pick_rate,grnd_pick_rate
1,0.05763047242146921,0.06562027231467474,0.04253037884203002,0.05982905982905983,0.049740932642487044,0.03033980582524272,0.04212860310421286,0.03773584905660377,,
39373466,0.035246104377937175,0.035741301059001515,0.034310221586847746,0.02564102564102564,0.031088082901554404,0.02669902912621359,0.06208425720620843,0.03773584905660377,,0.09090909090909091
44962063,0.03005194162750433,0.02723146747352496,0.03538241601143674,0.019943019943019943,0.03626943005181347,0.02669902912621359,0.04878048780487805,0.06289308176100629,0.08108108108108109,
65687534,0.12367054167697254,0.13294251134644477,0.10614724803431022,0.14245014245014245,0.11398963730569948,0.10072815533980582,0.07095343680709534,0.1069182389937107,0.13513513513513514,
154382530,0.01607717041800643,0.01796520423600605,0.01250893495353824,0.005698005698005698,0.011398963730569948,0.01699029126213592,0.004434589800443459,0.018867924528301886,0.08108108108108109,
259914044,0.06430868167202572,0.05937972768532526,0.0736240171551108,0.07977207977207977,0.07875647668393783,0.07402912621359223,0.06651884700665188,0.06918238993710692,,
369797039,0.013232747959436063,0.015695915279878972,0.008577555396711936,0.005698005698005698,0.007253886010362694,0.007281553398058253,0.011086474501108648,0.018867924528301886,0.02702702702702703,
467463015,0.02139500371011625,0.024205748865355523,0.016082916368834882,0.008547008547008548,0.008290155440414507,0.019417475728155338,0.026607538802660754,0.025157232704402517,0.05405405405405406,
543520739,0.03994558496166213,0.0397125567322239,0.040385989992852034,0.045584045584045586,0.03212435233160622,0.044902912621359224,0.05321507760532151,0.031446540880503145,,
550061327,0.033267375711105614,0.037065052950075644,0.026090064331665476,0.045584045584045586,0.022797927461139896,0.025485436893203883,0.022172949002217297,0.018867924528301886,0.02702702702702703,
613085868,0.0364828097947069,0.03385022692889561,0.04145818441744103,0.03133903133903134,0.04041450777202073,0.05339805825242718,0.03547671840354767,0.031446540880503145,0.02702702702702703,
763360732,0.03499876329458323,0.03309379727685325,0.03859899928520372,0.03133903133903134,0.03005181347150259,0.04611650485436893,0.037694013303769404,0.05660377358490566,0.10810810810810811,
842211418,0.030299282710858272,0.03385022692889561,0.023588277340957826,0.02849002849002849,0.03005181347150259,0.021844660194174758,0.015521064301552107,0.006289308176100629,0.02702702702702703,
870711570,0.027454860252287903,0.02760968229954614,0.027162258756254467,0.019943019943019943,0.025906735751295335,0.03155339805825243,0.028824833702882482,0.031446540880503145,,
1134478706,0.030175612169181302,0.03006807866868381,0.030378842030021443,0.017094017094017096,0.03212435233160622,0.03519417475728155,0.028824833702882482,0.031446540880503145,0.02702702702702703,
1208445212,0.05379668562948306,0.04670953101361573,0.06719085060757685,0.05982905982905983,0.07979274611398963,0.05461165048543689,0.06208425720620843,0.07547169811320754,0.10810810810810811,0.09090909090909091
1318732017,0.044521395003710114,0.044818456883509834,0.043959971408148675,0.039886039886039885,0.04766839378238342,0.03640776699029126,0.050997782705099776,0.0440251572327044,0.08108108108108109,
1377055301,0.025105119960425425,0.02685325264750378,0.021801286633309505,0.022792022792022793,0.019689119170984457,0.021844660194174758,0.022172949002217297,0.025157232704402517,0.02702702702702703,0.09090909090909091
1422481252,0.03734850358644571,0.036497730711043876,0.03895639742673338,0.037037037037037035,0.031088082901554404,0.0412621359223301,0.04656319290465632,0.050314465408805034,,0.2727272727272727
1455985392,0.010883007667573583,0.00813161875945537,0.016082916368834882,0.005698005698005698,0.014507772020725389,0.010922330097087379,0.026607538802660754,0.050314465408805034,,
1463164578,0.031535988127628,0.027798789712556733,0.03859899928520372,0.042735042735042736,0.03626943005181347,0.04004854368932039,0.031042128603104215,0.06289308176100629,0.02702702702702703,
1496688063,0.026465495918872126,0.027420574886535553,0.02466047176554682,0.008547008547008548,0.03005181347150259,0.025485436893203883,0.026607538802660754,0.012578616352201259,0.02702702702702703,0.09090909090909091
1606711539,0.043037348503586446,0.04254916792738275,0.043959971408148675,0.045584045584045586,0.04455958549222798,0.050970873786407765,0.03991130820399113,0.012578616352201259,0.05405405405405406,
1649551456,0.020529309918377443,0.019667170953101363,0.02215868477483917,0.008547008547008548,0.02383419689119171,0.02063106796116505,0.031042128603104215,0.012578616352201259,0.02702702702702703,0.18181818181818182
1661996559,0.01805589908483799,0.014939485627836611,0.02394567548248749,0.022792022792022793,0.019689119170984457,0.03033980582524272,0.026607538802660754,0.018867924528301886,,
1749055646,0.0770467474647539,0.07431921331316188,0.08220157255182273,0.12535612535612536,0.08911917098445596,0.08737864077669903,0.04656319290465632,0.031446540880503145,0.05405405405405406,
1908945514,0.017437546376453127,0.01626323751891074,0.019656897784131523,0.014245014245014245,0.013471502590673576,0.019417475728155338,0.03547671840354767,0.018867924528301886,,0.18181818181818182
