stat,,win_rate,win_rate,win_rate,win_rate,win_rate,win_rate,win_rate,win_rate,win_rate,win_rate,pick_rate,pick_rate,pick_rate,pick_rate,pick_rate,pick_rate,pick_rate,pick_rate,pick_rate,pick_rate
format,,overall,casual,ranked,bronze,silver,gold,platinum,diamond,champion,grand_champ,overall,casual,ranked,bronze,silver,gold,platinum,diamond,champion,grand_champ
character,type,,,,,,,,,,,,,,,,,,,,
Alysia,2v2,0.5081081081081081,0.5229357798165137,0.4868421052631579,0.5,0.5652173913043478,0.41935483870967744,0.6666666666666666,0.0,0.0,0.0,0.0364828097947069,0.0364828097947069,0.0364828097947069,0.024793388429752067,0.03522205206738132,0.05299145299145299,0.04013377926421405,0.03,0.038461538461538464,0.0
Alysia,3v3,0.4818181818181818,,0.425,0.4,0.5,0.3076923076923077,0.5,0.5,0.0,,0.0364828097947069,,0.0364828097947069,0.045871559633027525,0.05128205128205128,0.05439330543933055,0.02631578947368421,0.03389830508474576,0.0,
Alysia,overall,0.49830508474576274,0.5195530726256983,0.46551724137931033,0.45454545454545453,0.5384615384615384,0.38636363636363635,0.625,0.2,0.0,0.0,0.0364828097947069,0.0364828097947069,0.0364828097947069,0.03133903133903134,0.04041450777202073,0.05339805825242718,0.03547671840354767,0.031446540880503145,0.02702702702702703,0.0
Ashka,2v2,0.5019762845849802,0.49732620320855614,0.5151515151515151,0.6428571428571429,0.32,0.75,0.5,0.6666666666666666,0.0,0.0,0.05763047242146921,0.05763047242146921,0.05763047242146921,0.05785123966942149,0.03828483920367534,0.020512820512820513,0.04013377926421405,0.03,0.0,0.0
Ashka,3v3,0.48826291079812206,,0.5283018867924528,0.14285714285714285,0.5217391304347826,0.6923076923076923,0.7142857142857143,0.3333333333333333,0.0,,0.05763047242146921,,0.05763047242146921,0.06422018348623854,0.07371794871794872,0.05439330543933055,0.046052631578947366,0.05084745762711865,0.0,
Ashka,overall,0.4957081545064378,0.48703170028818443,0.5210084033613446,0.47619047619047616,0.4166666666666667,0.72,0.5789473684210527,0.5,0.0,0.0,0.05763047242146921,0.05763047242146921,0.05763047242146921,0.05982905982905983,0.049740932642487044,0.03033980582524272,0.04212860310421286,0.03773584905660377,0.0,0.0
Bakko,2v2,0.48186528497409326,0.4778761061946903,0.4875,0.1,0.5,0.5555555555555556,0.42857142857142855,0.8333333333333334,0.0,0.6666666666666666,0.03734850358644571,0.03734850358644571,0.03734850358644571,0.04132231404958678,0.030627871362940276,0.046153846153846156,0.046822742474916385,0.06,0.0,0.2727272727272727
Bakko,3v3,0.5596330275229358,,0.5172413793103449,0.6666666666666666,0.6,0.5714285714285714,0.2857142857142857,0.5,0.0,,0.03734850358644571,,0.03734850358644571,0.027522935779816515,0.03205128205128205,0.029288702928870293,0.046052631578947366,0.03389830508474576,0.0,
Bakko,overall,0.5099337748344371,0.5181347150259067,0.4954128440366973,0.23076923076923078,0.5333333333333333,0.5588235294117647,0.38095238095238093,0.75,0.0,0.6666666666666666,0.03734850358644571,0.03734850358644571,0.03734850358644571,0.037037037037037035,0.031088082901554404,0.0412621359223301,0.04656319290465632,0.050314465408805034,0.0,0.2727272727272727
Blossom,2v2,0.49206349206349204,0.5535714285714286,0.4025974025974026,0.3076923076923077,0.5,0.5217391304347826,0.1111111111111111,0.8,0.0,0.0,0.03994558496166213,0.03994558496166213,0.03994558496166213,0.05371900826446281,0.027565084226646247,0.039316239316239315,0.06020066889632107,0.05,0.0,0.0
Blossom,3v3,0.5597014925373134,,0.5277777777777778,0.3333333333333333,0.6153846153846154,0.5,0.5,0.0,0.0,,0.03994558496166213,,0.03994558496166213,0.027522935779816515,0.041666666666666664,0.058577405857740586,0.039473684210526314,0.0,0.0,
Blossom,overall,0.5201238390092879,0.5619047619047619,0.4424778761061947,0.3125,0.5483870967741935,0.5135135135135135,0.20833333333333334,0.8,0.0,0.0,0.03994558496166213,0.03994558496166213,0.03994558496166213,0.045584045584045586,0.03212435233160622,0.044902912621359224,0.05321507760532151,0.031446540880503145,0.0,0.0
Croak,2v2,0.5,0.5031847133757962,0.496551724137931,0.47058823529411764,0.5166666666666667,0.4857142857142857,0.4,0.7,0.0,1.0,0.05379668562948306,0.05379668562948306,0.05379668562948306,0.07024793388429752,0.09188361408882083,0.05982905982905983,0.06688963210702341,0.1,0.07692307692307693,0.09090909090909091
Croak,3v3,0.43609022556390975,,0.46511627906976744,0.25,0.5294117647058824,0.4,0.375,1.0,0.5,,0.05379668562948306,,0.05379668562948306,0.03669724770642202,0.05448717948717949,0.04184100418410042,0.05263157894736842,0.03389830508474576,0.18181818181818182,
Croak,overall,0.4804597701149425,0.47368421052631576,0.48936170212765956,0.42857142857142855,0.5194805194805194,0.4666666666666667,0.39285714285714285,0.75,0.25,1.0,0.05379668562948306,0.05379668562948306,0.05379668562948306,0.05982905982905983,0.07979274611398963,0.05461165048543689,0.06208425720620843,0.07547169811320754,0.10810810810810811,0.09090909090909091
Destiny,2v2,0.5362318840579711,0.5348837209302325,0.5384615384615384,0.4,0.4444444444444444,0.6111111111111112,0.42857142857142855,1.0,0.0,0.0,0.027454860252287903,0.027454860252287903,0.027454860252287903,0.02066115702479339,0.027565084226646247,0.03076923076923077,0.023411371237458192,0.04,0.0,0.0
Destiny,3v3,0.5238095238095238,,0.375,0.5,0.2857142857142857,0.5,0.16666666666666666,1.0,0.0,,0.027454860252287903,,0.027454860252287903,0.01834862385321101,0.022435897435897436,0.03347280334728033,0.039473684210526314,0.01694915254237288,0.0,
Destiny,overall,0.5315315315315315,0.5547945205479452,0.4868421052631579,0.42857142857142855,0.4,0.5769230769230769,0.3076923076923077,1.0,0.0,0.0,0.027454860252287903,0.027454860252287903,0.027454860252287903,0.019943019943019943,0.025906735751295335,0.03155339805825243,0.028824833702882482,0.031446540880503145,0.0,0.0
Ezmo,2v2,0.5094339622641509,0.5211267605633803,0.4857142857142857,1.0,0.7272727272727273,0.2857142857142857,0.2,1.0,0.0,1.0,0.025105119960425425,0.025105119960425425,0.025105119960425425,0.008264462809917356,0.016845329249617153,0.023931623931623933,0.016722408026755852,0.01,0.038461538461538464,0.09090909090909091
Ezmo,3v3,0.5257731958762887,,0.5,0.3333333333333333,0.625,0.25,0.4,1.0,0.0,,0.025105119960425425,,0.025105119960425425,0.05504587155963303,0.02564102564102564,0.016736401673640166,0.03289473684210526,0.05084745762711865,0.0,
Ezmo,overall,0.5172413793103449,0.528169014084507,0.4918032786885246,0.5,0.6842105263157895,0.2777777777777778,0.3,1.0,0.0,1.0,0.025105119960425425,0.025105119960425425,0.025105119960425425,0.022792022792022793,0.019689119170984457,0.021844660194174758,0.022172949002217297,0.025157232704402517,0.02702702702702703,0.09090909090909091
Freya,2v2,0.46396396396396394,0.475177304964539,0.4444444444444444,0.45454545454545453,0.41379310344827586,0.4444444444444444,0.6363636363636364,0.0,0.0,0.0,0.043037348503586446,0.043037348503586446,0.043037348503586446,0.045454545454545456,0.0444104134762634,0.046153846153846156,0.03678929765886288,0.01,0.07692307692307693,0.0
Freya,3v3,0.5,,0.5,0.4,0.7142857142857143,0.4,0.2857142857142857,1.0,0.0,,0.043037348503586446,,0.043037348503586446,0.045871559633027525,0.04487179487179487,0.06276150627615062,0.046052631578947366,0.01694915254237288,0.0,
Freya,overall,0.47701149425287354,0.48444444444444446,0.4634146341463415,0.4375,0.5116279069767442,0.42857142857142855,0.5,0.5,0.0,0.0,0.043037348503586446,0.043037348503586446,0.043037348503586446,0.045584045584045586,0.04455958549222798,0.050970873786407765,0.03991130820399113,0.012578616352201259,0.05405405405405406,0.0
Iva,2v2,0.5590062111801242,0.5315315315315315,0.62,0.5555555555555556,0.7,0.5714285714285714,0.4,1.0,1.0,0.0,0.030299282710858272,0.030299282710858272,0.030299282710858272,0.0371900826446281,0.030627871362940276,0.023931623931623933,0.016722408026755852,0.01,0.038461538461538464,0.0
Iva,3v3,0.47619047619047616,,0.375,1.0,0.2222222222222222,0.5,0.5,0.0,0.0,,0.030299282710858272,,0.030299282710858272,0.009174311926605505,0.028846153846153848,0.016736401673640166,0.013157894736842105,0.0,0.0,
Iva,overall,0.5306122448979592,0.5195530726256983,0.5606060606060606,0.6,0.5517241379310345,0.5555555555555556,0.42857142857142855,1.0,1.0,0.0,0.030299282710858272,0.030299282710858272,0.030299282710858272,0.02849002849002849,0.03005181347150259,0.021844660194174758,0.015521064301552107,0.006289308176100629,0.02702702702702703,0.0
Jade,2v2,0.48503937007874015,0.5011494252873563,0.45,0.3684210526315789,0.37333333333333335,0.5357142857142857,0.5714285714285714,0.5555555555555556,1.0,0.0,0.12367054167697254,0.12367054167697254,0.12367054167697254,0.15702479338842976,0.11485451761102604,0.09572649572649573,0.07023411371237458,0.09,0.038461538461538464,0.0
Jade,3v3,0.5315068493150685,,0.5670103092783505,0.3333333333333333,0.6285714285714286,0.5185185185185185,0.5454545454545454,0.625,1.0,,0.12367054167697254,,0.12367054167697254,0.11009174311926606,0.11217948717948718,0.11297071129707113,0.07236842105263158,0.13559322033898305,0.36363636363636365,
Jade,overall,0.502,0.5078236130867709,0.4882154882154882,0.36,0.45454545454545453,0.5301204819277109,0.5625,0.5882352941176471,1.0,0.0,0.12367054167697254,0.12367054167697254,0.12367054167697254,0.14245014245014245,0.11398963730569948,0.10072815533980582,0.07095343680709534,0.1069182389937107,0.13513513513513514,0.0
Jamila,2v2,0.5471698113207547,0.5806451612903226,0.5,0.3333333333333333,0.6428571428571429,0.5294117647058824,0.25,0.5,0.0,0.0,0.01805589908483799,0.01805589908483799,0.01805589908483799,0.012396694214876033,0.021439509954058193,0.02905982905982906,0.026755852842809364,0.02,0.0,0.0
Jamila,3v3,0.45,,0.34782608695652173,0.4,0.4,0.375,0.25,0.0,0.0,,0.01805589908483799,,0.01805589908483799,0.045871559633027525,0.016025641025641024,0.03347280334728033,0.02631578947368421,0.01694915254237288,0.0,
Jamila,overall,0.5205479452054794,0.5822784810126582,0.44776119402985076,0.375,0.5789473684210527,0.48,0.25,0.3333333333333333,0.0,0.0,0.01805589908483799,0.01805589908483799,0.01805589908483799,0.022792022792022793,0.019689119170984457,0.03033980582524272,0.026607538802660754,0.018867924528301886,0.0,0.0
Jumong,2v2,0.42441860465116277,0.43103448275862066,0.4107142857142857,0.6,0.4,0.3,0.5625,0.0,0.0,0.0,0.035246104377937175,0.035246104377937175,0.035246104377937175,0.02066115702479339,0.030627871362940276,0.017094017094017096,0.05351170568561873,0.04,0.0,0.09090909090909091
Jumong,3v3,0.40707964601769914,,0.425,0.75,0.5,0.4166666666666667,0.3333333333333333,0.0,0.0,,0.035246104377937175,,0.035246104377937175,0.03669724770642202,0.03205128205128205,0.0502092050209205,0.07894736842105263,0.03389830508474576,0.0,
Jumong,overall,0.41754385964912283,0.41798941798941797,0.4166666666666667,0.6666666666666666,0.43333333333333335,0.36363636363636365,0.4642857142857143,0.0,0.0,0.0,0.035246104377937175,0.035246104377937175,0.035246104377937175,0.02564102564102564,0.031088082901554404,0.02669902912621359,0.06208425720620843,0.03773584905660377,0.0,0.09090909090909091
Lucie,2v2,0.34408602150537637,0.34375,0.3448275862068966,0.3333333333333333,0.2,0.3,0.42857142857142855,0.5,0.5,0.0,0.02139500371011625,0.02139500371011625,0.02139500371011625,0.012396694214876033,0.007656967840735069,0.017094017094017096,0.023411371237458192,0.02,0.07692307692307693,0.0
Lucie,3v3,0.425,,0.5,0.0,0.3333333333333333,0.6666666666666666,0.2,1.0,0.0,,0.02139500371011625,,0.02139500371011625,0.0,0.009615384615384616,0.02510460251046025,0.03289473684210526,0.03389830508474576,0.0,
Lucie,overall,0.3815028901734104,0.375,0.4,0.3333333333333333,0.25,0.4375,0.3333333333333333,0.75,0.5,0.0,0.02139500371011625,0.02139500371011625,0.02139500371011625,0.008547008547008548,0.008290155440414507,0.019417475728155338,0.026607538802660754,0.025157232704402517,0.05405405405405406,0.0
Oldur,2v2,0.4479166666666667,0.42105263157894735,0.48717948717948717,0.6666666666666666,0.375,0.5,0.5833333333333334,0.5,0.0,0.0,0.017437546376453127,0.017437546376453127,0.017437546376453127,0.012396694214876033,0.01225114854517611,0.020512820512820513,0.04013377926421405,0.02,0.0,0.18181818181818182
Oldur,3v3,0.4,,0.4375,1.0,0.2,0.5,0.5,0.0,0.0,,0.017437546376453127,,0.017437546376453127,0.01834862385321101,0.016025641025641024,0.016736401673640166,0.02631578947368421,0.01694915254237288,0.0,
Oldur,overall,0.4326241134751773,0.4069767441860465,0.4727272727272727,0.8,0.3076923076923077,0.5,0.5625,0.3333333333333333,0.0,0.0,0.017437546376453127,0.017437546376453127,0.017437546376453127,0.014245014245014245,0.013471502590673576,0.019417475728155338,0.03547671840354767,0.018867924528301886,0.0,0.18181818181818182
Pearl,2v2,0.5466666666666666,0.47560975609756095,0.6323529411764706,0.75,0.5714285714285714,0.4444444444444444,0.8571428571428571,0.625,1.0,0.0,0.03005194162750433,0.03005194162750433,0.03005194162750433,0.01652892561983471,0.03215926493108729,0.03076923076923077,0.046822742474916385,0.08,0.11538461538461539,0.0
Pearl,3v3,0.4838709677419355,,0.41935483870967744,0.6666666666666666,0.5714285714285714,0.25,0.125,0.5,0.0,,0.03005194162750433,,0.03005194162750433,0.027522935779816515,0.04487179487179487,0.016736401673640166,0.05263157894736842,0.03389830508474576,0.0,
Pearl,overall,0.522633744855967,0.4930555555555556,0.5656565656565656,0.7142857142857143,0.5714285714285714,0.4090909090909091,0.5909090909090909,0.6,1.0,0.0,0.03005194162750433,0.03005194162750433,0.03005194162750433,0.019943019943019943,0.03626943005181347,0.02669902912621359,0.04878048780487805,0.06289308176100629,0.08108108108108109,0.0
Pestilus,2v2,0.5473684210526316,0.6153846153846154,0.46511627906976744,1.0,0.5833333333333334,0.3076923076923077,0.3333333333333333,0.5,0.0,1.0,0.020529309918377443,0.020529309918377443,0.020529309918377443,0.008264462809917356,0.018376722817764167,0.022222222222222223,0.04013377926421405,0.02,0.0,0.18181818181818182
Pestilus,3v3,0.5492957746478874,,0.631578947368421,1.0,0.5454545454545454,0.75,1.0,0.0,0.0,,0.020529309918377443,,0.020529309918377443,0.009174311926605505,0.035256410256410256,0.016736401673640166,0.013157894736842105,0.0,0.09090909090909091,
Pestilus,overall,0.5481927710843374,0.5673076923076923,0.5161290322580645,1.0,0.5652173913043478,0.4117647058823529,0.42857142857142855,0.5,0.0,1.0,0.020529309918377443,0.020529309918377443,0.020529309918377443,0.008547008547008548,0.02383419689119171,0.02063106796116505,0.031042128603104215,0.012578616352201259,0.02702702702702703,0.18181818181818182
Poloma,2v2,0.5362318840579711,0.5222222222222223,0.5625,1.0,0.5555555555555556,0.5882352941176471,0.625,0.0,0.0,0.0,0.030175612169181302,0.030175612169181302,0.030175612169181302,0.008264462809917356,0.027565084226646247,0.02905982905982906,0.026755852842809364,0.02,0.038461538461538464,0.0
Poloma,3v3,0.46226415094339623,,0.40540540540540543,0.5,0.23076923076923078,0.25,0.8,1.0,0.0,,0.030175612169181302,,0.030175612169181302,0.03669724770642202,0.041666666666666664,0.0502092050209205,0.03289473684210526,0.05084745762711865,0.0,
Poloma,overall,0.5040983606557377,0.5094339622641509,0.49411764705882355,0.6666666666666666,0.41935483870967744,0.4482758620689655,0.6923076923076923,0.6,0.0,0.0,0.030175612169181302,0.030175612169181302,0.030175612169181302,0.017094017094017096,0.03212435233160622,0.03519417475728155,0.028824833702882482,0.031446540880503145,0.02702702702702703,0.0
Raigon,2v2,0.4975728155339806,0.5203252032520326,0.463855421686747,0.4666666666666667,0.4,0.5094339622641509,0.5714285714285714,0.5,0.5,0.0,0.0770467474647539,0.0770467474647539,0.0770467474647539,0.12396694214876033,0.0995405819295559,0.0905982905982906,0.046822742474916385,0.02,0.07692307692307693,0.0
Raigon,3v3,0.5118483412322274,,0.515625,0.5,0.42857142857142855,0.5789473684210527,0.5714285714285714,0.6666666666666666,0.0,,0.0770467474647539,,0.0770467474647539,0.12844036697247707,0.0673076923076923,0.0794979079497908,0.046052631578947366,0.05084745762711865,0.0,
Raigon,overall,0.5024077046548957,0.5165394402035624,0.4782608695652174,0.4772727272727273,0.4069767441860465,0.5277777777777778,0.5714285714285714,0.6,0.5,0.0,0.0770467474647539,0.0770467474647539,0.0770467474647539,0.12535612535612536,0.08911917098445596,0.08737864077669903,0.04656319290465632,0.031446540880503145,0.05405405405405406,0.0
Rook,2v2,0.5,0.5,0.5,0.25,0.5357142857142857,0.6818181818181818,0.3125,0.3333333333333333,1.0,0.0,0.044521395003710114,0.044521395003710114,0.044521395003710114,0.03305785123966942,0.042879019908116385,0.037606837606837605,0.05351170568561873,0.06,0.07692307692307693,0.0
Rook,3v3,0.4934210526315789,,0.5609756097560976,0.8333333333333334,0.4444444444444444,0.5,0.7142857142857143,0.0,1.0,,0.044521395003710114,,0.044521395003710114,0.05504587155963303,0.057692307692307696,0.03347280334728033,0.046052631578947366,0.01694915254237288,0.09090909090909091,
Rook,overall,0.49722222222222223,0.48523206751054854,0.5203252032520326,0.5,0.5,0.6333333333333333,0.43478260869565216,0.2857142857142857,1.0,0.0,0.044521395003710114,0.044521395003710114,0.044521395003710114,0.039886039886039885,0.04766839378238342,0.03640776699029126,0.050997782705099776,0.0440251572327044,0.08108108108108109,0.0
Ruh Kaan,2v2,0.4659090909090909,0.4426229508196721,0.5185185185185185,0.4166666666666667,0.375,0.6470588235294118,0.8571428571428571,0.0,0.0,0.0,0.033267375711105614,0.033267375711105614,0.033267375711105614,0.049586776859504134,0.02450229709035222,0.02905982905982906,0.023411371237458192,0.01,0.038461538461538464,0.0
Ruh Kaan,3v3,0.4731182795698925,,0.5263157894736842,0.25,0.8333333333333334,0.25,0.3333333333333333,1.0,0.0,,0.033267375711105614,,0.033267375711105614,0.03669724770642202,0.019230769230769232,0.016736401673640166,0.019736842105263157,0.03389830508474576,0.0,
Ruh Kaan,overall,0.4684014869888476,0.4489795918367347,0.5205479452054794,0.375,0.5,0.5714285714285714,0.7,0.6666666666666666,0.0,0.0,0.033267375711105614,0.033267375711105614,0.033267375711105614,0.045584045584045586,0.022797927461139896,0.025485436893203883,0.022172949002217297,0.018867924528301886,0.02702702702702703,0.0
Shifu,2v2,0.5217391304347826,0.4716981132075472,0.5897435897435898,0.16666666666666666,0.7272727272727273,0.6129032258064516,0.5833333333333334,0.5,0.3333333333333333,0.0,0.03499876329458323,0.03499876329458323,0.03499876329458323,0.024793388429752067,0.033690658499234305,0.05299145299145299,0.04013377926421405,0.04,0.11538461538461539,0.0
Shifu,3v3,0.5555555555555556,,0.4666666666666667,0.4,0.7142857142857143,0.42857142857142855,0.2,0.6,0.0,,0.03499876329458323,,0.03499876329458323,0.045871559633027525,0.022435897435897436,0.029288702928870293,0.03289473684210526,0.0847457627118644,0.09090909090909091,
Shifu,overall,0.5335689045936396,0.52,0.5555555555555556,0.2727272727272727,0.7241379310344828,0.5789473684210527,0.47058823529411764,0.5555555555555556,0.25,0.0,0.03499876329458323,0.03499876329458323,0.03499876329458323,0.03133903133903134,0.03005181347150259,0.04611650485436893,0.037694013303769404,0.05660377358490566,0.10810810810810811,0.0
Sirius,2v2,0.5685714285714286,0.5405405405405406,0.6,0.625,0.5263157894736842,0.6730769230769231,0.625,0.5,0.0,0.0,0.06430868167202572,0.06430868167202572,0.06430868167202572,0.09917355371900827,0.08728943338437979,0.08888888888888889,0.0802675585284281,0.08,0.0,0.0
Sirius,3v3,0.5411764705882353,,0.5853658536585366,0.25,0.7368421052631579,0.5555555555555556,0.5,0.3333333333333333,0.0,,0.06430868167202572,,0.06430868167202572,0.03669724770642202,0.060897435897435896,0.03765690376569038,0.039473684210526314,0.05084745762711865,0.0,
Sirius,overall,0.5596153846153846,0.535031847133758,0.5970873786407767,0.5714285714285714,0.5789473684210527,0.6557377049180327,0.6,0.45454545454545453,0.0,0.0,0.06430868167202572,0.06430868167202572,0.06430868167202572,0.07977207977207977,0.07875647668393783,0.07402912621359223,0.06651884700665188,0.06918238993710692,0.0,0.0
Taya,2v2,0.3466666666666667,0.32727272727272727,0.4,0.0,0.7142857142857143,0.3333333333333333,0.0,0.0,0.0,0.0,0.01607717041800643,0.01607717041800643,0.01607717041800643,0.0,0.010719754977029096,0.015384615384615385,0.0,0.02,0.07692307692307693,0.0
Taya,3v3,0.36363636363636365,,0.4666666666666667,0.0,0.5,0.6,0.5,0.0,1.0,,0.01607717041800643,,0.01607717041800643,0.01834862385321101,0.01282051282051282,0.02092050209205021,0.013157894736842105,0.01694915254237288,0.09090909090909091,
Taya,overall,0.35384615384615387,0.3263157894736842,0.42857142857142855,0.0,0.6363636363636364,0.42857142857142855,0.5,0.0,0.3333333333333333,0.0,0.01607717041800643,0.01607717041800643,0.01607717041800643,0.005698005698005698,0.011398963730569948,0.01699029126213592,0.004434589800443459,0.018867924528301886,0.08108108108108109,0.0
Thorn,2v2,0.5822784810126582,0.5862068965517241,0.5774647887323944,0.7272727272727273,0.7272727272727273,0.4583333333333333,0.5714285714285714,0.3333333333333333,0.0,0.0,0.031535988127628,0.031535988127628,0.031535988127628,0.045454545454545456,0.033690658499234305,0.041025641025641026,0.023411371237458192,0.06,0.038461538461538464,0.0
Thorn,3v3,0.5463917525773195,,0.5675675675675675,0.5,0.6153846153846154,0.4444444444444444,0.5714285714285714,0.75,0.0,,0.031535988127628,,0.031535988127628,0.03669724770642202,0.041666666666666664,0.03765690376569038,0.046052631578947366,0.06779661016949153,0.0,
Thorn,overall,0.5686274509803921,0.564625850340136,0.5740740740740741,0.6666666666666666,0.6857142857142857,0.45454545454545453,0.5714285714285714,0.5,0.0,0.0,0.031535988127628,0.031535988127628,0.031535988127628,0.042735042735042736,0.03626943005181347,0.04004854368932039,0.031042128603104215,0.06289308176100629,0.02702702702702703,0.0
Ulric,2v2,0.41818181818181815,0.5384615384615384,0.3103448275862069,1.0,0.18181818181818182,0.6666666666666666,0.2222222222222222,0.4,0.0,0.0,0.010883007667573583,0.010883007667573583,0.010883007667573583,0.004132231404958678,0.016845329249617153,0.005128205128205128,0.030100334448160536,0.05,0.0,0.0
Ulric,3v3,0.48484848484848486,,0.5,1.0,0.3333333333333333,0.3333333333333333,0.6666666666666666,0.6666666666666666,0.0,,0.010883007667573583,,0.010883007667573583,0.009174311926605505,0.009615384615384616,0.02510460251046025,0.019736842105263157,0.05084745762711865,0.0,
Ulric,overall,0.4431818181818182,0.5116279069767442,0.37777777777777777,1.0,0.21428571428571427,0.4444444444444444,0.3333333333333333,0.5,0.0,0.0,0.010883007667573583,0.010883007667573583,0.010883007667573583,0.005698005698005698,0.014507772020725389,0.010922330097087379,0.026607538802660754,0.050314465408805034,0.0,0.0
Varesh,2v2,0.48333333333333334,0.4878048780487805,0.47368421052631576,0.0,0.42857142857142855,0.4,1.0,0.0,1.0,0.0,0.013232747959436063,0.013232747959436063,0.013232747959436063,0.008264462809917356,0.010719754977029096,0.008547008547008548,0.010033444816053512,0.01,0.038461538461538464,0.0
Varesh,3v3,0.40425531914893614,,0.8,0.0,0.0,1.0,0.5,1.0,0.0,,0.013232747959436063,,0.013232747959436063,0.0,0.0,0.0041841004184100415,0.013157894736842105,0.03389830508474576,0.0,
Varesh,overall,0.4485981308411215,0.42168674698795183,0.5416666666666666,0.0,0.42857142857142855,0.5,0.8,0.6666666666666666,1.0,0.0,0.013232747959436063,0.013232747959436063,0.013232747959436063,0.005698005698005698,0.007253886010362694,0.007281553398058253,0.011086474501108648,0.018867924528301886,0.02702702702702703,0.0
Zander,2v2,0.49242424242424243,0.4943820224719101,0.4883720930232558,0.0,0.47619047619047616,0.5333333333333333,0.4,0.0,0.0,1.0,0.026465495918872126,0.026465495918872126,0.026465495918872126,0.004132231404958678,0.03215926493108729,0.02564102564102564,0.016722408026755852,0.0,0.0,0.09090909090909091
Zander,3v3,0.573170731707317,,0.5384615384615384,0.5,0.625,0.6666666666666666,0.2857142857142857,0.5,1.0,,0.026465495918872126,,0.026465495918872126,0.01834862385321101,0.02564102564102564,0.02510460251046025,0.046052631578947366,0.03389830508474576,0.09090909090909091,
Zander,overall,0.5233644859813084,0.5310344827586206,0.5072463768115942,0.3333333333333333,0.5172413793103449,0.5714285714285714,0.3333333333333333,0.5,1.0,1.0,0.026465495918872126,0.026465495918872126,0.026465495918872126,0.008547008547008548,0.03005181347150259,0.025485436893203883,0.026607538802660754,0.012578616352201259,0.02702702702702703,0.09090909090909091
