character,overall_win_rate,casual_win_rates,ranked_win_rate,brnz_win_rate,silv_win_rate,gold_win_rate,plat_win_rate,dmnd_win_rate,chmp_win_rate,grnd_win_rate
1,0.4957081545064378,0.48703170028818443,0.5210084033613446,0.47619047619047616,0.4166666666666667,0.72,0.5789473684210527,0.5,,
39373466,0.41754385964912283,0.41798941798941797,0.4166666666666667,0.6666666666666666,0.43333333333333335,0.36363636363636365,0.4642857142857143,0.0,,0.0
44962063,0.522633744855967,0.4930555555555556,0.5656565656565656,0.7142857142857143,0.5714285714285714,0.4090909090909091,0.5909090909090909,0.6,1.0,
65687534,0.502,0.5078236130867709,0.4882154882154882,0.36,0.45454545454545453,0.5301204819277109,0.5625,0.5882352941176471,1.0,
154382530,0.35384615384615387,0.3263157894736842,0.42857142857142855,0.0,0.6363636363636364,0.42857142857142855,0.5,0.0,0.3333333333333333,
259914044,0.5596153846153846,0.535031847133758,0.5970873786407767,0.5714285714285714,0.5789473684210527,0.6557377049180327,0.6,0.45454545454545453,,
369797039,0.4485981308411215,0.42168674698795183,0.5416666666666666,0.0,0.42857142857142855,0.5,0.8,0.6666666666666666,1.0,
467463015,0.3815028901734104,0.375,0.4,0.3333333333333333,0.25,0.4375,0.3333333333333333,0.75,0.5,
543520739,0.5201238390092879,0.5619047619047619,0.4424778761061947,0.3125,0.5483870967741935,0.5135135135135135,0.20833333333333334,0.8,,
550061327,0.4684014869888476,0.4489795918367347,0.5205479452054794,0.375,0.5,0.5714285714285714,0.7,0.6666666666666666,0.0,
613085868,0.49830508474576274,0.5195530726256983,0.46551724137931033,0.45454545454545453,0.5384615384615384,0.38636363636363635,0.625,0.2,0.0,
763360732,0.5335689045936396,0.52,0.5555555555555556,0.2727272727272727,0.7241379310344828,0.5789473684210527,0.47058823529411764,0.5555555555555556,0.25,
842211418,0.5306122448979592,0.5195530726256983,0.5606060606060606,0.6,0.5517241379310345,0.5555555555555556,0.42857142857142855,1.0,1.0,
870711570,0.5315315315315315,0.5547945205479452,0.4868421052631579,0.42857142857142855,0.4,0.5769230769230769,0.3076923076923077,1.0,,
1134478706,0.5040983606557377,0.5094339622641509,0.49411764705882355,0.6666666666666666,0.41935483870967744,0.4482758620689655,0.6923076923076923,0.6,0.0,
1208445212,0.4804597701149425,0.47368421052631576,0.48936170212765956,0.42857142857142855,0.5194805194805194,0.4666666666666667,0.39285714285714285,0.75,0.25,1.0
1318732017,0.49722222222222223,0.48523206751054854,0.5203252032520326,0.5,0.5,0.6333333333333333,0.43478260869565216,0.2857142857142857,1.0,
1377055301,0.5172413793103449,0.528169014084507,0.4918032786885246,0.5,0.6842105263157895,0.2777777777777778,0.3,1.0,0.0,1.0
1422481252,0.5099337748344371,0.5181347150259067,0.4954128440366973,0.23076923076923078,0.5333333333333333,0.5588235294117647,0.38095238095238093,0.75,,0.6666666666666666
1455985392,0.4431818181818182,0.5116279069767442,0.37777777777777777,1.0,0.21428571428571427,0.4444444444444444,0.3333333333333333,0.5,,
1463164578,0.5686274509803921,0.564625850340136,0.5740740740740741,0.6666666666666666,0.6857142857142857,0.45454545454545453,0.5714285714285714,0.5,0.0,
1496688063,0.5233644859813084,0.5310344827586206,0.5072463768115942,0.3333333333333333,0.5172413793103449,0.5714285714285714,0.3333333333333333,0.5,1.0,1.0
1606711539,0.47701149425287354,0.48444444444444446,0.4634146341463415,0.4375,0.5116279069767442,0.42857142857142855,0.5,0.5,0.0,
1649551456,0.5481927710843374,0.5673076923076923,0.5161290322580645,1.0,0.5652173913043478,0.4117647058823529,0.42857142857142855,0.5,0.0,1.0
1661996559,0.5205479452054794,0.5822784810126582,0.44776119402985076,0.375,0.5789473684210527,0.48,0.25,0.3333333333333333,,
1749055646,0.5024077046548957,0.5165394402035624,0.4782608695652174,0.4772727272727273,0.4069767441860465,0.5277777777777778,0.5714285714285714,0.6,0.5,
1908945514,0.4326241134751773,0.4069767441860465,0.4727272727272727,0.8,0.3076923076923077,0.5,0.5625,0.3333333333333333,,0.0
